1.0007964
-1.0020075
-1.0020075
-0.99734143
0.99999996
-1.002804
-1.0016295
-1.0008114
0.99999996
-1.0020075
-1.0020075
-1.0000149
-1.0000149
-0.9988255
-1.000015
-1.000015
-1.0020075
-1.0020075
-1.0020075
-1.0020075
-1.0020075
-1.0020075
-1.0000149
-0.9988255
-1.0020075
-1.0020075
-1.0016295
-1.0016295
-0.99963681
1.0011745
-1.0016295
-1.0016295
-1.0016295
-1.0016295
-0.99963681
1.0007964
-1.0016295
-1.0020075
-0.99771951
-1.0016295
-1.000015
-1.0008115
-1.0000149
0.99999996
-1.0020075
-1.002804
-1.0020075
-1.002804
-1.0020075
-1.002804
-1.0016295
-1.0020075
-0.99771951
1.0007964
